229 0 0 255
230 87 20 255
229 229 0 255
62 197 20 255
0 127 63 255
27 117 196 255
51 0 204 255
96 31 158 255
191 46 123 255
DIV:Standard

99 0 30 255
159 54 10 255
137 137 0 255
47 91 23 255
34 69 69 255
16 85 114 255
0 36 85 255
62 33 91 255
117 32 73 255
DIV:Bold

236 131 173 255
255 154 108 255
255 255 119 255
200 235 125 255
138 178 141 255
143 237 245 255
112 121 204 255
178 169 231 255
224 143 244 255
DIV:Soft

170 0 0 178
255 127 0 178
252 244 0 178
70 165 38 178
0 120 50 178
140 178 255 178
0 51 163 178
85 47 119 178
152 41 100 178
DIV:Transparent - 1

170 0 0 64
255 127 0 64
252 244 0 64
70 165 38 64
0 120 50 64
140 178 255 64
0 51 163 64
85 47 119 64
152 41 100 64
DIV:Transparent - 2

255 255 255 255
229 229 229 255
191 191 191 255
127 127 127 255
51 51 51 255
20 20 20 255
217 217 217 178
25 25 25 178
255 255 255 64
DIV:Grayscale

244 224 200 255
255 224 156 255
188 114 51 255
140 72 0 255
100 50 0 255
57 29 10 255
255 224 156 178
100 50 0 178
100 50 0 64
DIV:Brownscale